
fx: 50.0
fy: 51.0
cx: 2.0
cy: 3.0


